Temperature (K)	Pressure (MPa)	Density (kg/m3)	Volume (m3/kg)	Internal Energy (kJ/kg)	Enthalpy (kJ/kg)	Entropy (J/g*K)	Cv (J/g*K)	Cp (J/g*K)	Sound Spd. (m/s)	Joule-Thomson (K/MPa)	Viscosity (uPa*s)	Therm. Cond. (W/m*K)	Phase
275.00	0.10132	999.94	0.0010001	7.7600	7.8613	0.028313	4.2128	4.2135	1411.5	-0.23964	1681.9	0.56029	liquid
285.00	0.10132	999.52	0.0010005	49.776	49.877	0.17839	4.1848	4.1924	1454.4	-0.23102	1239.2	0.58259	liquid
295.00	0.10132	997.81	0.0010022	91.645	91.747	0.32278	4.1498	4.1829	1487.9	-0.22362	957.81	0.60124	liquid
305.00	0.10132	995.08	0.0010049	133.45	133.55	0.46215	4.1094	4.1795	1513.3	-0.21702	766.79	0.61716	liquid
315.00	0.10132	991.50	0.0010086	175.25	175.35	0.59698	4.0649	4.1796	1531.9	-0.21094	630.66	0.63087	liquid
325.00	0.10132	987.19	0.0010130	217.05	217.15	0.72764	4.0171	4.1819	1544.5	-0.20520	529.97	0.64267	liquid
335.00	0.10132	982.23	0.0010181	258.89	258.99	0.85443	3.9671	4.1858	1552.0	-0.19965	453.30	0.65274	liquid
345.00	0.10132	976.70	0.0010239	300.77	300.88	0.97762	3.9155	4.1912	1555.0	-0.19416	393.53	0.66121	liquid
355.00	0.10132	970.63	0.0010303	342.72	342.82	1.0975	3.8631	4.1982	1554.0	-0.18863	346.03	0.66817	liquid
365.00	0.10132	964.06	0.0010373	384.74	384.84	1.2142	3.8107	4.2070	1549.3	-0.18297	307.65	0.67371	liquid
373.12	0.10132	958.37	0.0010434	418.95	419.06	1.3069	3.7683	4.2156	1543.2	-0.17821	281.66	0.67720	liquid
373.12	0.10133	0.59766	1.6732	2506.0	2675.5	7.3544	1.5558	2.0799	472.18	66.729	12.231	0.024568	vapor
375.00	0.10132	0.59442	1.6823	2509.0	2679.4	7.3648	1.5499	2.0716	473.52	64.885	12.304	0.024723	vapor
385.00	0.10132	0.57787	1.7305	2524.6	2700.0	7.4189	1.5277	2.0388	480.41	56.634	12.691	0.025558	vapor
395.00	0.10132	0.56236	1.7782	2540.1	2720.2	7.4709	1.5141	2.0174	487.03	50.095	13.081	0.026403	vapor
405.00	0.10132	0.54775	1.8257	2555.3	2740.3	7.5211	1.5052	2.0024	493.45	44.672	13.473	0.027260	vapor
415.00	0.10132	0.53395	1.8728	2570.5	2760.3	7.5698	1.4994	1.9918	499.70	40.093	13.868	0.028130	vapor
425.00	0.10132	0.52089	1.9198	2585.7	2780.2	7.6172	1.4961	1.9845	505.82	36.190	14.265	0.029012	vapor
435.00	0.10132	0.50850	1.9666	2600.7	2800.0	7.6633	1.4945	1.9796	511.80	32.837	14.664	0.029907	vapor
445.00	0.10132	0.49672	2.0132	2615.8	2819.8	7.7082	1.4943	1.9767	517.68	29.937	15.066	0.030815	vapor
455.00	0.10132	0.48551	2.0597	2630.8	2839.5	7.7521	1.4953	1.9754	523.44	27.413	15.468	0.031736	vapor
465.00	0.10132	0.47481	2.1061	2645.9	2859.3	7.7951	1.4971	1.9752	529.12	25.203	15.873	0.032669	vapor
475.00	0.10132	0.46459	2.1524	2660.9	2879.0	7.8371	1.4996	1.9761	534.70	23.258	16.279	0.033615	vapor
485.00	0.10132	0.45482	2.1987	2676.0	2898.8	7.8783	1.5028	1.9778	540.20	21.535	16.686	0.034574	vapor
495.00	0.10132	0.44546	2.2449	2691.1	2918.6	7.9187	1.5064	1.9802	545.62	20.003	17.094	0.035545	vapor
505.00	0.10132	0.43649	2.2910	2706.3	2938.4	7.9583	1.5104	1.9831	550.96	18.632	17.504	0.036528	vapor
515.00	0.10132	0.42789	2.3371	2721.5	2958.3	7.9972	1.5148	1.9865	556.23	17.402	17.914	0.037523	vapor
525.00	0.10132	0.41962	2.3831	2736.7	2978.2	8.0355	1.5194	1.9903	561.44	16.292	18.325	0.038530	vapor
535.00	0.10132	0.41168	2.4291	2751.9	2998.1	8.0731	1.5243	1.9945	566.58	15.287	18.737	0.039548	vapor
545.00	0.10132	0.40403	2.4750	2767.3	3018.0	8.1100	1.5294	1.9989	571.66	14.374	19.149	0.040577	vapor
555.00	0.10132	0.39667	2.5210	2782.6	3038.1	8.1464	1.5347	2.0036	576.68	13.542	19.562	0.041617	vapor
565.00	0.10132	0.38958	2.5669	2798.0	3058.1	8.1822	1.5401	2.0085	581.65	12.780	19.975	0.042668	vapor
575.00	0.10132	0.38274	2.6127	2813.5	3078.2	8.2175	1.5456	2.0135	586.55	12.082	20.389	0.043729	vapor
585.00	0.10132	0.37614	2.6586	2829.0	3098.4	8.2523	1.5513	2.0188	591.41	11.439	20.803	0.044800	vapor
595.00	0.10132	0.36976	2.7044	2844.6	3118.6	8.2866	1.5571	2.0242	596.21	10.847	21.217	0.045882	vapor
605.00	0.10132	0.36361	2.7502	2860.2	3138.9	8.3203	1.5630	2.0297	600.97	10.299	21.632	0.046973	vapor
615.00	0.10132	0.35765	2.7960	2875.9	3159.2	8.3537	1.5689	2.0353	605.68	9.7907	22.046	0.048073	vapor
625.00	0.10132	0.35189	2.8418	2891.6	3179.6	8.3865	1.5750	2.0411	610.33	9.3190	22.460	0.049183	vapor
635.00	0.10132	0.34631	2.8876	2907.4	3200.0	8.4190	1.5811	2.0469	614.95	8.8800	22.875	0.050302	vapor
645.00	0.10132	0.34091	2.9333	2923.3	3220.5	8.4510	1.5873	2.0528	619.52	8.4708	23.289	0.051430	vapor
655.00	0.10132	0.33567	2.9791	2939.2	3241.1	8.4826	1.5935	2.0588	624.05	8.0886	23.703	0.052566	vapor
665.00	0.10132	0.33060	3.0248	2955.2	3261.7	8.5139	1.5998	2.0649	628.53	7.7309	24.116	0.053711	vapor
675.00	0.10132	0.32568	3.0705	2971.3	3282.4	8.5447	1.6062	2.0711	632.98	7.3958	24.530	0.054865	vapor
685.00	0.10132	0.32090	3.1162	2987.4	3303.1	8.5752	1.6126	2.0773	637.38	7.0812	24.943	0.056026	vapor
695.00	0.10132	0.31626	3.1619	3003.5	3323.9	8.6054	1.6190	2.0836	641.75	6.7856	25.356	0.057195	vapor
705.00	0.10132	0.31176	3.2076	3019.8	3344.8	8.6352	1.6255	2.0899	646.08	6.5074	25.768	0.058373	vapor
715.00	0.10132	0.30738	3.2533	3036.1	3365.7	8.6647	1.6321	2.0963	650.37	6.2451	26.180	0.059557	vapor
725.00	0.10132	0.30312	3.2990	3052.4	3386.7	8.6938	1.6386	2.1028	654.62	5.9977	26.591	0.060749	vapor
735.00	0.10132	0.29898	3.3447	3068.9	3407.8	8.7227	1.6453	2.1093	658.84	5.7640	27.002	0.061948	vapor
745.00	0.10132	0.29496	3.3903	3085.4	3428.9	8.7512	1.6519	2.1158	663.03	5.5429	27.412	0.063155	vapor
755.00	0.10132	0.29104	3.4360	3101.9	3450.1	8.7795	1.6586	2.1224	667.18	5.3336	27.822	0.064368	vapor
765.00	0.10132	0.28722	3.4817	3118.6	3471.3	8.8075	1.6654	2.1291	671.30	5.1352	28.231	0.065588	vapor
775.00	0.10132	0.28350	3.5273	3135.3	3492.7	8.8352	1.6721	2.1357	675.39	4.9470	28.639	0.066814	vapor
785.00	0.10132	0.27988	3.5730	3152.0	3514.1	8.8626	1.6789	2.1424	679.44	4.7683	29.047	0.068047	vapor
795.00	0.10132	0.27635	3.6186	3168.9	3535.5	8.8897	1.6858	2.1492	683.47	4.5985	29.454	0.069287	vapor
805.00	0.10132	0.27291	3.6642	3185.8	3557.0	8.9167	1.6926	2.1560	687.46	4.4369	29.860	0.070532	vapor
815.00	0.10132	0.26955	3.7099	3202.7	3578.6	8.9433	1.6995	2.1628	691.43	4.2831	30.266	0.071784	vapor
825.00	0.10132	0.26628	3.7555	3219.8	3600.3	8.9697	1.7064	2.1696	695.36	4.1365	30.670	0.073041	vapor
835.00	0.10132	0.26308	3.8011	3236.9	3622.0	8.9959	1.7134	2.1765	699.27	3.9967	31.074	0.074304	vapor
845.00	0.10132	0.25996	3.8468	3254.1	3643.8	9.0219	1.7203	2.1834	703.15	3.8633	31.478	0.075573	vapor
855.00	0.10132	0.25691	3.8924	3271.3	3665.7	9.0476	1.7273	2.1903	707.00	3.7359	31.880	0.076848	vapor
865.00	0.10132	0.25394	3.9380	3288.6	3687.6	9.0731	1.7343	2.1972	710.83	3.6142	32.282	0.078127	vapor
875.00	0.10132	0.25103	3.9836	3306.0	3709.6	9.0984	1.7413	2.2042	714.63	3.4977	32.682	0.079413	vapor
885.00	0.10132	0.24819	4.0292	3323.5	3731.7	9.1235	1.7483	2.2112	718.41	3.3863	33.082	0.080703	vapor
895.00	0.10132	0.24541	4.0749	3341.0	3753.9	9.1484	1.7554	2.2182	722.16	3.2797	33.481	0.081998	vapor
905.00	0.10132	0.24269	4.1205	3358.6	3776.1	9.1731	1.7624	2.2252	725.89	3.1774	33.879	0.083298	vapor
915.00	0.10132	0.24003	4.1661	3376.2	3798.4	9.1975	1.7695	2.2322	729.59	3.0795	34.277	0.084603	vapor
925.00	0.10132	0.23744	4.2117	3394.0	3820.7	9.2218	1.7766	2.2392	733.27	2.9855	34.673	0.085913	vapor
935.00	0.10132	0.23489	4.2573	3411.8	3843.2	9.2460	1.7837	2.2463	736.92	2.8952	35.068	0.087228	vapor
945.00	0.10132	0.23240	4.3029	3429.7	3865.7	9.2699	1.7907	2.2533	740.56	2.8086	35.463	0.088547	vapor
955.00	0.10132	0.22997	4.3485	3447.6	3888.2	9.2937	1.7978	2.2604	744.17	2.7254	35.856	0.089870	vapor
965.00	0.10132	0.22758	4.3941	3465.6	3910.9	9.3172	1.8049	2.2674	747.76	2.6454	36.249	0.091198	vapor
975.00	0.10132	0.22524	4.4397	3483.7	3933.6	9.3406	1.8120	2.2745	751.33	2.5684	36.640	0.092530	vapor
985.00	0.10132	0.22295	4.4853	3501.9	3956.3	9.3639	1.8191	2.2815	754.88	2.4944	37.031	0.093866	vapor
995.00	0.10132	0.22071	4.5309	3520.1	3979.2	9.3870	1.8262	2.2886	758.41	2.4231	37.421	0.095206	vapor
1005.0	0.10132	0.21851	4.5764	3538.4	4002.1	9.4099	1.8333	2.2956	761.92	2.3545	37.809	0.096551	vapor
1015.0	0.10132	0.21635	4.6220	3556.8	4025.1	9.4327	1.8403	2.3027	765.41	2.2883	38.197	0.097899	vapor
1025.0	0.10132	0.21424	4.6676	3575.2	4048.2	9.4553	1.8474	2.3097	768.88	2.2246	38.584	0.099250	vapor
1035.0	0.10132	0.21217	4.7132	3593.7	4071.3	9.4777	1.8544	2.3167	772.33	2.1631	38.970	0.10061	vapor
1045.0	0.10132	0.21014	4.7588	3612.3	4094.5	9.5000	1.8615	2.3238	775.76	2.1038	39.355	0.10197	vapor
1055.0	0.10132	0.20814	4.8044	3631.0	4117.8	9.5222	1.8685	2.3308	779.17	2.0466	39.738	0.10333	vapor
1065.0	0.10132	0.20619	4.8500	3649.7	4141.1	9.5442	1.8755	2.3378	782.57	1.9913	40.121	0.10469	vapor
1075.0	0.10132	0.20427	4.8956	3668.5	4164.5	9.5661	1.8825	2.3447	785.95	1.9379	40.503	0.10606	vapor
1085.0	0.10132	0.20238	4.9411	3687.4	4188.0	9.5878	1.8895	2.3517	789.31	1.8864	40.884	0.10744	vapor
1095.0	0.10132	0.20053	4.9867	3706.3	4211.6	9.6095	1.8965	2.3587	792.66	1.8365	41.264	0.10881	vapor
1105.0	0.10132	0.19872	5.0323	3725.3	4235.2	9.6309	1.9034	2.3656	795.99	1.7883	41.643	0.11019	vapor
1115.0	0.10132	0.19693	5.0779	3744.4	4258.9	9.6523	1.9104	2.3725	799.30	1.7417	42.021	0.11157	vapor
1125.0	0.10132	0.19518	5.1235	3763.5	4282.6	9.6735	1.9173	2.3794	802.60	1.6966	42.397	0.11296	vapor
1135.0	0.10132	0.19346	5.1690	3782.7	4306.5	9.6946	1.9242	2.3862	805.88	1.6530	42.773	0.11435	vapor
1145.0	0.10132	0.19177	5.2146	3802.0	4330.4	9.7155	1.9310	2.3931	809.15	1.6107	43.148	0.11574	vapor
1155.0	0.10132	0.19011	5.2602	3821.3	4354.3	9.7364	1.9378	2.3999	812.40	1.5698	43.522	0.11713	vapor
1165.0	0.10132	0.18847	5.3058	3840.8	4378.4	9.7571	1.9446	2.4067	815.64	1.5301	43.895	0.11853	vapor
1175.0	0.10132	0.18687	5.3513	3860.2	4402.5	9.7777	1.9514	2.4135	818.86	1.4917	44.267	0.11993	vapor
1185.0	0.10132	0.18529	5.3969	3879.8	4426.6	9.7982	1.9582	2.4202	822.07	1.4544	44.638	0.12133	vapor
1195.0	0.10132	0.18374	5.4425	3899.4	4450.9	9.8185	1.9649	2.4269	825.26	1.4183	45.008	0.12274	vapor
1205.0	0.10132	0.18221	5.4880	3919.1	4475.2	9.8388	1.9716	2.4336	828.44	1.3832	45.376	0.12414	vapor
1215.0	0.10132	0.18071	5.5336	3938.8	4499.5	9.8589	1.9783	2.4402	831.61	1.3492	45.744	0.12555	vapor
1225.0	0.10132	0.17924	5.5792	3958.7	4524.0	9.8790	1.9849	2.4469	834.76	1.3162	46.111	0.12697	vapor
1235.0	0.10132	0.17779	5.6248	3978.6	4548.5	9.8989	1.9915	2.4534	837.90	1.2842	46.477	0.12838	vapor
1245.0	0.10132	0.17636	5.6703	3998.5	4573.0	9.9187	1.9980	2.4600	841.03	1.2531	46.842	0.12980	vapor
1255.0	0.10132	0.17495	5.7159	4018.5	4597.7	9.9384	2.0046	2.4665	844.14	1.2229	47.206	0.13122	vapor
1265.0	0.10132	0.17357	5.7615	4038.6	4622.4	9.9580	2.0111	2.4730	847.24	1.1936	47.569	0.13264	vapor
1275.0	0.10132	0.17220	5.8070	4058.7	4647.1	9.9775	2.0175	2.4794	850.33	1.1650	47.931	0.13406	vapor
1285.0	0.10132	0.17086	5.8526	4078.9	4672.0	9.9969	2.0239	2.4858	853.41	1.1373	48.292	0.13549	vapor
1295.0	0.10132	0.16954	5.8982	4099.2	4696.9	10.016	2.0303	2.4922	856.48	1.1104	48.652	0.13691	vapor
1305.0	0.10132	0.16824	5.9437	4119.6	4721.8	10.035	2.0367	2.4986	859.53	1.0841	49.011	0.13834	vapor
1315.0	0.10132	0.16696	5.9893	4140.0	4746.8	10.054	2.0430	2.5049	862.57	1.0586	49.369	0.13977	vapor
1325.0	0.10132	0.16570	6.0349	4160.4	4771.9	10.073	2.0493	2.5111	865.60	1.0338	49.726	0.14121	vapor
1335.0	0.10132	0.16446	6.0804	4180.9	4797.0	10.092	2.0555	2.5174	868.62	1.0097	50.082	0.14264	vapor
1345.0	0.10132	0.16324	6.1260	4201.5	4822.3	10.111	2.0617	2.5235	871.63	0.98620	50.437	0.14408	vapor
1355.0	0.10132	0.16203	6.1716	4222.2	4847.5	10.130	2.0678	2.5297	874.63	0.96332	undefined	undefined	vapor
1365.0	0.10132	0.16085	6.2171	4242.9	4872.8	10.149	2.0740	2.5358	877.61	0.94104	undefined	undefined	vapor
1375.0	0.10132	0.15968	6.2627	4263.7	4898.2	10.167	2.0800	2.5419	880.59	0.91933	undefined	undefined	vapor
1385.0	0.10132	0.15852	6.3083	4284.5	4923.7	10.186	2.0861	2.5479	883.55	0.89819	undefined	undefined	vapor
1395.0	0.10132	0.15739	6.3538	4305.4	4949.2	10.204	2.0921	2.5539	886.51	0.87759	undefined	undefined	vapor
1405.0	0.10132	0.15626	6.3994	4326.3	4974.8	10.222	2.0980	2.5598	889.45	0.85751	undefined	undefined	vapor
1415.0	0.10132	0.15516	6.4450	4347.4	5000.4	10.240	2.1039	2.5657	892.39	0.83794	undefined	undefined	vapor
1425.0	0.10132	0.15407	6.4905	4368.4	5026.1	10.258	2.1098	2.5716	895.31	0.81885	undefined	undefined	vapor
1435.0	0.10132	0.15300	6.5361	4389.6	5051.8	10.276	2.1156	2.5774	898.23	0.80024	undefined	undefined	vapor
1445.0	0.10132	0.15194	6.5816	4410.7	5077.6	10.294	2.1214	2.5832	901.13	0.78209	undefined	undefined	vapor
1455.0	0.10132	0.15089	6.6272	4432.0	5103.5	10.312	2.1272	2.5889	904.03	0.76437	undefined	undefined	vapor
1465.0	0.10132	0.14986	6.6728	4453.3	5129.4	10.330	2.1329	2.5946	906.91	0.74709	undefined	undefined	vapor
1475.0	0.10132	0.14885	6.7183	4474.6	5155.4	10.348	2.1385	2.6003	909.79	0.73023	undefined	undefined	vapor
1485.0	0.10132	0.14784	6.7639	4496.1	5181.4	10.365	2.1442	2.6059	912.66	0.71376	undefined	undefined	vapor
1495.0	0.10132	0.14685	6.8094	4517.5	5207.5	10.383	2.1497	2.6115	915.51	0.69769	undefined	undefined	vapor
1505.0	0.10132	0.14588	6.8550	4539.1	5233.6	10.400	2.1553	2.6170	918.36	0.68199	undefined	undefined	vapor
1515.0	0.10132	0.14492	6.9006	4560.6	5259.8	10.417	2.1608	2.6225	921.20	0.66666	undefined	undefined	vapor
1525.0	0.10132	0.14397	6.9461	4582.3	5286.1	10.435	2.1662	2.6280	924.04	0.65169	undefined	undefined	vapor
1535.0	0.10132	0.14303	6.9917	4604.0	5312.4	10.452	2.1716	2.6334	926.86	0.63706	undefined	undefined	vapor
1545.0	0.10132	0.14210	7.0372	4625.7	5338.8	10.469	2.1770	2.6387	929.67	0.62276	undefined	undefined	vapor
1555.0	0.10132	0.14119	7.0828	4647.5	5365.2	10.486	2.1823	2.6441	932.48	0.60879	undefined	undefined	vapor
1565.0	0.10132	0.14028	7.1284	4669.4	5391.6	10.503	2.1876	2.6493	935.27	0.59513	undefined	undefined	vapor
1575.0	0.10132	0.13939	7.1739	4691.3	5418.2	10.520	2.1928	2.6546	938.06	0.58178	undefined	undefined	vapor
1585.0	0.10132	0.13851	7.2195	4713.2	5444.7	10.537	2.1980	2.6598	940.84	0.56872	undefined	undefined	vapor
1595.0	0.10132	0.13765	7.2650	4735.2	5471.4	10.553	2.2032	2.6649	943.61	0.55596	undefined	undefined	vapor
1605.0	0.10132	0.13679	7.3106	4757.3	5498.0	10.570	2.2083	2.6700	946.38	0.54347	undefined	undefined	vapor
1615.0	0.10132	0.13594	7.3561	4779.4	5524.8	10.587	2.2134	2.6751	949.13	0.53125	undefined	undefined	vapor
1625.0	0.10132	0.13510	7.4017	4801.6	5551.5	10.603	2.2184	2.6801	951.88	0.51930	undefined	undefined	vapor
1635.0	0.10132	0.13428	7.4473	4823.8	5578.4	10.620	2.2234	2.6851	954.62	0.50760	undefined	undefined	vapor
1645.0	0.10132	0.13346	7.4928	4846.0	5605.2	10.636	2.2284	2.6901	957.35	0.49616	undefined	undefined	vapor
1655.0	0.10132	0.13265	7.5384	4868.3	5632.2	10.652	2.2333	2.6950	960.08	0.48495	undefined	undefined	vapor
1665.0	0.10132	0.13186	7.5839	4890.7	5659.1	10.669	2.2382	2.6998	962.80	0.47399	undefined	undefined	vapor
1675.0	0.10132	0.13107	7.6295	4913.1	5686.2	10.685	2.2430	2.7047	965.51	0.46325	undefined	undefined	vapor
1685.0	0.10132	0.13029	7.6750	4935.5	5713.2	10.701	2.2478	2.7095	968.21	0.45273	undefined	undefined	vapor
1695.0	0.10132	0.12952	7.7206	4958.1	5740.3	10.717	2.2525	2.7142	970.90	0.44243	undefined	undefined	vapor
1705.0	0.10132	0.12876	7.7662	4980.6	5767.5	10.733	2.2572	2.7189	973.59	0.43234	undefined	undefined	vapor
1715.0	0.10132	0.12801	7.8117	5003.2	5794.7	10.749	2.2619	2.7236	976.27	0.42246	undefined	undefined	vapor
1725.0	0.10132	0.12727	7.8573	5025.8	5822.0	10.765	2.2665	2.7282	978.94	0.41278	undefined	undefined	vapor
1735.0	0.10132	0.12654	7.9028	5048.5	5849.3	10.781	2.2711	2.7328	981.61	0.40329	undefined	undefined	vapor
1745.0	0.10132	0.12581	7.9484	5071.3	5876.6	10.796	2.2757	2.7374	984.27	0.39399	undefined	undefined	vapor
1755.0	0.10132	0.12509	7.9939	5094.0	5904.0	10.812	2.2802	2.7419	986.92	0.38488	undefined	undefined	vapor
1765.0	0.10132	0.12439	8.0395	5116.9	5931.5	10.828	2.2847	2.7463	989.56	0.37594	undefined	undefined	vapor
1775.0	0.10132	0.12369	8.0851	5139.7	5959.0	10.843	2.2891	2.7508	992.20	0.36718	undefined	undefined	vapor
1785.0	0.10132	0.12299	8.1306	5162.7	5986.5	10.859	2.2935	2.7552	994.83	0.35859	undefined	undefined	vapor
1795.0	0.10132	0.12231	8.1762	5185.6	6014.1	10.874	2.2979	2.7595	997.46	0.35017	undefined	undefined	vapor
1805.0	0.10132	0.12163	8.2217	5208.6	6041.7	10.889	2.3022	2.7639	1000.1	0.34191	undefined	undefined	vapor
1815.0	0.10132	0.12096	8.2673	5231.7	6069.3	10.905	2.3065	2.7681	1002.7	0.33381	undefined	undefined	vapor
1825.0	0.10132	0.12030	8.3128	5254.7	6097.0	10.920	2.3107	2.7724	1005.3	0.32586	undefined	undefined	vapor
1835.0	0.10132	0.11964	8.3584	5277.9	6124.8	10.935	2.3150	2.7766	1007.9	0.31806	undefined	undefined	vapor
1845.0	0.10132	0.11899	8.4039	5301.0	6152.6	10.950	2.3191	2.7808	1010.5	0.31041	undefined	undefined	vapor
1855.0	0.10132	0.11835	8.4495	5324.3	6180.4	10.965	2.3233	2.7849	1013.1	0.30290	undefined	undefined	vapor
1865.0	0.10132	0.11772	8.4950	5347.5	6208.3	10.980	2.3274	2.7890	1015.6	0.29553	undefined	undefined	vapor
1875.0	0.10132	0.11709	8.5406	5370.8	6236.2	10.995	2.3315	2.7931	1018.2	0.28830	undefined	undefined	vapor
1885.0	0.10132	0.11647	8.5862	5394.1	6264.1	11.010	2.3355	2.7971	1020.8	0.28120	undefined	undefined	vapor
1895.0	0.10132	0.11585	8.6317	5417.5	6292.1	11.025	2.3395	2.8011	1023.3	0.27422	undefined	undefined	vapor
1905.0	0.10132	0.11524	8.6773	5440.9	6320.2	11.039	2.3435	2.8051	1025.9	0.26738	undefined	undefined	vapor
1915.0	0.10132	0.11464	8.7228	5464.4	6348.2	11.054	2.3474	2.8090	1028.4	0.26066	undefined	undefined	vapor
1925.0	0.10132	0.11405	8.7684	5487.9	6376.3	11.069	2.3513	2.8129	1031.0	0.25406	undefined	undefined	vapor
1935.0	0.10132	0.11346	8.8139	5511.4	6404.5	11.083	2.3552	2.8168	1033.5	0.24757	undefined	undefined	vapor
1945.0	0.10132	0.11287	8.8595	5535.0	6432.7	11.098	2.3590	2.8206	1036.0	0.24121	undefined	undefined	vapor
1955.0	0.10132	0.11230	8.9050	5558.6	6460.9	11.112	2.3628	2.8244	1038.6	0.23495	undefined	undefined	vapor
1965.0	0.10132	0.11172	8.9506	5582.2	6489.2	11.127	2.3665	2.8282	1041.1	0.22880	undefined	undefined	vapor
1975.0	0.10132	0.11116	8.9961	5605.9	6517.5	11.141	2.3703	2.8319	1043.6	0.22277	undefined	undefined	vapor
1985.0	0.10132	0.11060	9.0417	5629.6	6545.8	11.155	2.3740	2.8356	1046.1	0.21683	undefined	undefined	vapor
1995.0	0.10132	0.11004	9.0872	5653.4	6574.2	11.170	2.3776	2.8393	1048.6	0.21100	undefined	undefined	vapor
